$ANSIBLE_VAULT;1.1;AES256
62336235393838653338656430393363303237363735386261313865343763366534323038613764
3632356135393730643462393234633431383131353530630a643065653063343464616430333061
34353365656465366461656365326561643636646461336437663237323233333366353938383937
6565366561623234340a666264326634366630393237646663353238303038636266333764623466
62636239313362363938313435316537316264383332643066653362633535323161633364623166
65643735313964386534376262313730373533323563633461316637393362386232356638306336
34363738393864386231326530653531316164646133396638303336643463663264333730386230
34303238613661626561383432653338363131313863343833396433616563366430316636303761
34366331363331636139386665343966636538613336366235616238613364393465353736353364
36346561303061616336396633663464313866326663333466666538353063616330643835343238
32373662323964646134646235336362313934376230323234353761383364653437316335373131
64663839663561613536353031306635306364353566633739326566316539326634313633313036
39643635663231343437336130373937343666383835376362666439393632363231333839303937
31366462313363663234613262666537613064373337623062386264663562376565363634343139
37326666396632383066636537613531333733333133333631373965366337336632386662633862
38643964643963393031646434336330343535333461346461353835646166386534383935353830
66303236363062363632646430633064623763363266313435383539646330636338633565393866
38376563626131313136383063386533346564313137333436356266336565386130343162653734
65303936313364373134643662623365303362643738653335623066386263303034393765303031
33346562643435373637393338633935383262393462383633333933333963636331316238656133
30356264653437363638343865643437633935353133323632356431326266323137346664396237
62646665323063313931353735336563613565353465346239643638636233653566623164623066
34323336613361306466336438626535323133643131633637313836383837346437366135393037
33353337393833326637383039366133633731363233616430653666326166396133616662633235
62643236326435613562663964303263656365636633393866663534383331663166316333323364
38313332336537396465363061616431383836363663656463326530316664313738376336613836
62336532353132643232663466616531373164323030636139356131323166316561306266376235
35373130643439383434353331313461363435316231363037616531613864396165333164633966
38313232383266386363313132656461623430303734656363636431306163633538663935623633
37633966336162616439636634373536613665326239613265373166363632323233396432623635
38306634656332643463383230333365316539383435336262656338383963313265643431346561
37353735333861373636616234326231373361353538343439343163343431636235396134303631
32633639666531393834356164376635326266326633373035303235616335626430386462346132
37333635303364336563383035633235646437393534656566383363373838346438613264336161
31653366396163383532366162386461313132653763623334653138313063343161346133636639
30333034666462333138636633646438383431333466356334353831323038303762376137356637
33663837613435613463623136646162383663373734643938643131626435313638
