$ANSIBLE_VAULT;1.1;AES256
39303963623539353566343531646565653932313331333531313231393733396232326565646234
3763353432626532333165386237306664353131393238640a363736613066373965363933626665
37643639306266373233343163333530353061373035316534383238363263386332343531643237
3133653237303834300a663363383864316437643762636133396530633161656464383562313533
61396139306664663431376366623533393730653735663365376664646332386438663031643236
38663831666539663964366535323063326533323039376532643432323866376633656465633932
61623531333466343238653164363931303736343833653861346233396264656531333364613234
39616137636534363165633030333265323165313630363835363331356364663766666164613135
31663566643764396462383464346164383331646631363730353164656237663735343531666230
31626662373461643163333831656433336363663237336436656238366566383838643730306365
31613839376364633733323637623461643933353136343131636238353636393264393961343765
62613136306530373530323332393538306264343263333863306335376134633531306366613837
64343131633764626163303163626366316562643062366462323765636465356335646636326439
66393066653134313031623336623465663338623435666364633066346232373534336263373562
65353637666164303335363934343164343139323861363462633862646164633263346639626538
63626134343135303466346532363263306162323237653630393764363430653831646438323339
62343332616564353063346230663462623734616334386661383361343031633462643731343565
39383038303963623038653963336363643962303537323264386161653635626434386366353938
61643332643861663465373239353533353832366232633965303539643134313061383939386332
64326331333966343636333232643164356565616138646465343432663766343136616336386663
31316436303731663232336663356163623561643736366235353535316335613362373533653862
39343430363063646632376531343838356639386237646236343934643531643431346536353365
65346363666564343362613564366532373035383730653737383961613230303734383566303537
31323632616166636432316538616534636433306564623630303563623039373562356533626261
36643633333836313934633030646262626639646432633139613034656437623661346162303430
37656465306438653530366139383436616531633739616262386661396362313461393562383535
34393865623262333165363738383333343630323165393433313564356238663834303134373532
63663964653232303632623862353532323530326138303265353737303233333366656430343432
35376639616134623438646331626666306435313638613464366263333837386261623237393830
64353732363532333431633964646235393835366432646466393165386231376233646565623731
39353965366262396239303937393037316565396536663133646136316433626563363266353631
31353638363332363461646330383634323035636433373139613962653666333464373262636362
37373938383536356132383632633463323865636363333639343139633562396539313361343761
31373835373537313037336431366132366361653663313233326235363135323463353839656433
31373733323866376436636234656537393065643630616466366664616433353766613461333165
34393831656334393362323439656538303731646131633662366535333736653832383763363435
31653838326663383365333061326336386133343562393435366261313733383634343330633635
37333431323166626232653333363830373732636337343661333630353439646262303466303038
35653962303864633134653139613433346261393464346139303531326637616238363733623833
32626536366361663266353366646364363534366334353934383730363836353262663033333964
63626434303335643966376336616431636238643432646539333436363161336562333962363839
39346134336636326438643531653733656163373532316632396535333963366338653263613238
33613336346637363836343666666131333939663631393863653533336434336137353663646239
30363763383037306533383262316365336361373634383936353661626563633862623763353462
64373032316465393738623062323336356334653666323564376532346564626238353439646362
33326364393766326133656634623862306638333533633262623331616562343861343532336238
64663263343831336634613562363331623733393939313339393937613266353865313063636334
66373632363435616432326461616637366438346437343933313834653932323763306633613330
34663633323138643964633962383463323461363562383762623234393066316432343361353661
37343263376562306134303638663435626631383237353837623961666634653536353733386234
34313565353362623664633533383231383731303535316565613063363564633031626161396434
66633532643237346134353163643437653232323434626435623264343931653765323039363638
38393434633164636561343661353834363233383737363931613138653435303666323431633361
35373131333861393963663336346231343036346566343139323762353266643562343361326561
37646662363636373466623663356131613434616232323132303062353461656664663331653963
39656463663062353961323762366638396161323534343134303364663530326563356166353565
33653833393662396234613935346231353437613737346263623562356236336435666539633731
39346261356231653536646237376131636335313032393062306136353536343235303264646635
39326137383735383535313238363737393165326164363737393038333863373564656237643361
36306131346235626233303636613938373662373435623036313331376439363766393030663837
31333361633332383165383736353732383739613465373038316237383830373964656661663465
34303838336263383463616136616330323637636533323439386234313439633063623832646232
34386566663130613565353436396332343232663138346635353565353139366335376331613763
62313838336433366337303163313166616634353032653535616461366537306161633933393363
31613038666330383032363334646262636530343930343866333639333338386135366434666562
33326266356663626236633037663539333038633338666235393532633232303333383438363166
37386435613361313133356437633137386337353136653365333637366366613635366637653134
64626663393464383633333361616364663339326265616137396539633037396531376165376461
65643764656365343936616163653061633135353530383362353938343232363838346330313032
61346238623037316566616432373839616162343964653835303662376136393363633935616665
61646666373036363236373936643033343664356637623632373238393165386532636464643438
36306439616539313165653164666561356330323862626434653532393034336538383938326237
30366537303631393363316566343937366237343831396630656332643464303965323030356364
34336539343235366164306134623034633139636361306135343634313139386133383537656231
31323561366133626565633837373565346337393332376234616432636166323936666630663566
62316635343166373035306136653861353039386132376364306261633339623233376137326265
66373833626530636532653633653937666530633935323565616130643331313963616634346239
61306631376162383261303339663337663239366533643732353961326434306634343465613866
30353337613765383834366265303930306233343565333266306633343863633339393263376437
31613266316339343132313736633732353863313731346362613032636333623465626337306362
30363536633735323464633233303437363662633538636534326537633534623036393663623166
30393165396162643733353762313966326263356437363362623561616134323934613331663566
31303938633032636533336633373762376433626131316239316466386130363732366532626631
65313033386666363239366537313731333933313039356335636636363032383638383466356462
63623261306437303133636635313265633565323135623638376430343565643764396136656363
31646534646630356637316538653062663765313638663464313834313939623239373731383133
65363231666433306234373666353862383431383732386361353264376632336437373038623736
61363764316363316364
